osu file format v14

[General]
AudioFilename: audio.mp3
AudioLeadIn: 0
PreviewTime: -1
Countdown: 0
SampleSet: Normal
StackLeniency: 0.7
Mode: 3
LetterboxInBreaks: 0
SpecialStyle: 0
WidescreenStoryboard: 0

[Editor]
Bookmarks: 35847,56537,113088
DistanceSpacing: 1
BeatDivisor: 4
GridSize: 8
TimelineZoom: 1.2

[Metadata]
Title:Re:LOAD
TitleUnicode:Re:LOAD
Artist:5KiLOBYTE
ArtistUnicode:5KiLOBYTE
Creator:thewhitewhale
Version:Delta
Source:
Tags:
BeatmapID:0
BeatmapSetID:-1

[Difficulty]
HPDrainRate:5
CircleSize:14
OverallDifficulty:5
ApproachRate:5
SliderMultiplier:1.4
SliderTickRate:1

[Events]
//Background and Video events
//Break Periods
2,80185,84647
//Storyboard Layer 0 (Background)
//Storyboard Layer 1 (Fail)
//Storyboard Layer 2 (Pass)
//Storyboard Layer 3 (Foreground)
//Storyboard Layer 4 (Overlay)
//Storyboard Sound Samples

[TimingPoints]
1365,344.827586206897,4,1,0,30,1,0
78606,-83.3333333333333,4,1,0,30,0,0
78716,344.827586206897,4,1,0,30,1,0
78716,-76.9230769230769,4,1,0,30,0,0
78774,344.827586206897,4,1,0,30,1,0
78774,-71.4285714285714,4,1,0,30,0,0
78832,344.827586206897,4,1,0,30,1,0
78832,-66.6666666666667,4,1,0,30,0,0
78890,344.827586206897,4,1,0,30,1,0
78890,-62.5,4,1,0,30,0,0
78948,344.827586206897,4,1,0,30,1,0
78948,-58.8235294117647,4,1,0,30,0,0
79035,344.827586206897,4,1,0,30,1,0
79035,-55.5555555555556,4,1,0,30,0,0
79122,344.827586206897,4,1,0,30,1,0
79122,-52.6315789473684,4,1,0,30,0,0
79209,344.827586206897,4,1,0,30,1,0
79209,-50,4,1,0,30,0,0
79296,344.827586206897,4,1,0,30,1,0
79296,-43.4782608695652,4,1,0,30,0,0
79525,344.827586206897,4,1,0,30,1,0
79525,-38.4615384615385,4,1,0,30,0,0
79755,344.827586206897,4,1,0,30,1,0
79755,-34.4827586206897,4,1,0,30,0,0
79985,344.827586206897,4,1,0,30,1,0
79985,-100,4,1,0,30,0,0


[HitObjects]
54,192,2744,5,0,0:0:0:0:
54,192,2916,1,0,0:0:0:0:
201,192,3089,1,0,0:0:0:0:
54,192,3261,1,0,0:0:0:0:
54,192,3433,1,0,0:0:0:0:
201,192,3606,1,0,0:0:0:0:
54,192,3778,1,0,0:0:0:0:
54,192,3951,1,0,0:0:0:0:
54,192,4123,1,0,0:0:0:0:
54,192,4296,1,0,0:0:0:0:
201,192,4468,1,0,0:0:0:0:
54,192,4640,1,0,0:0:0:0:
54,192,4813,1,0,0:0:0:0:
128,192,4985,1,0,0:0:0:0:
201,192,5158,1,0,0:0:0:0:
54,192,5330,1,0,0:0:0:0:
54,192,5502,1,0,0:0:0:0:
54,192,5675,1,0,0:0:0:0:
201,192,5847,1,0,0:0:0:0:
54,192,6020,1,0,0:0:0:0:
54,192,6192,1,0,0:0:0:0:
201,192,6365,1,0,0:0:0:0:
54,192,6537,1,0,0:0:0:0:
54,192,6709,1,0,0:0:0:0:
54,192,6882,1,0,0:0:0:0:
54,192,7054,1,0,0:0:0:0:
201,192,7227,1,0,0:0:0:0:
54,192,7399,1,0,0:0:0:0:
54,192,7571,1,0,0:0:0:0:
128,192,7744,1,0,0:0:0:0:
201,192,7916,1,0,0:0:0:0:
54,192,8089,1,0,0:0:0:0:
164,192,8261,1,0,0:0:0:0:
54,192,8261,1,0,0:0:0:0:
54,192,8433,1,0,0:0:0:0:
237,192,8606,1,0,0:0:0:0:
54,192,8606,1,0,0:0:0:0:
164,192,8778,1,0,0:0:0:0:
91,192,8865,1,0,0:0:0:0:
128,192,8951,1,0,0:0:0:0:
91,192,9037,1,0,0:0:0:0:
164,192,9123,1,0,0:0:0:0:
54,192,9296,1,0,0:0:0:0:
54,192,9468,1,0,0:0:0:0:
54,192,9640,1,0,0:0:0:0:
54,192,9813,1,0,0:0:0:0:
237,192,9985,1,0,0:0:0:0:
91,192,10158,1,0,0:0:0:0:
164,192,10244,1,0,0:0:0:0:
128,192,10330,1,0,0:0:0:0:
164,192,10416,1,0,0:0:0:0:
91,192,10502,1,0,0:0:0:0:
237,192,10675,1,0,0:0:0:0:
54,192,10847,1,0,0:0:0:0:
54,192,11020,1,0,0:0:0:0:
164,192,11020,1,0,0:0:0:0:
54,192,11192,1,0,0:0:0:0:
237,192,11365,1,0,0:0:0:0:
54,192,11365,1,0,0:0:0:0:
164,192,11537,1,0,0:0:0:0:
91,192,11623,1,0,0:0:0:0:
128,192,11709,1,0,0:0:0:0:
91,192,11796,1,0,0:0:0:0:
164,192,11882,1,0,0:0:0:0:
54,192,12054,1,0,0:0:0:0:
54,192,12227,1,0,0:0:0:0:
54,192,12399,1,0,0:0:0:0:
54,192,12571,1,0,0:0:0:0:
237,192,12744,1,0,0:0:0:0:
91,192,12916,1,0,0:0:0:0:
164,192,13002,1,0,0:0:0:0:
128,192,13089,1,0,0:0:0:0:
164,192,13175,1,0,0:0:0:0:
91,192,13261,1,0,0:0:0:0:
237,192,13433,1,0,0:0:0:0:
54,192,13606,1,0,0:0:0:0:
274,192,13778,1,0,0:0:0:0:
54,192,13778,1,0,0:0:0:0:
274,192,13951,1,0,0:0:0:0:
274,192,14123,1,0,0:0:0:0:
164,192,14123,1,0,0:0:0:0:
274,192,14296,1,0,0:0:0:0:
274,192,14468,1,0,0:0:0:0:
274,192,14640,1,0,0:0:0:0:
164,192,14640,1,0,0:0:0:0:
274,192,14813,1,0,0:0:0:0:
274,192,14985,1,0,0:0:0:0:
274,192,15158,1,0,0:0:0:0:
274,192,15330,128,0,15502:0:0:0:0:
164,192,15502,1,0,0:0:0:0:
274,192,15675,1,0,0:0:0:0:
274,192,15847,1,0,0:0:0:0:
128,192,16020,1,0,0:0:0:0:
201,192,16192,1,0,0:0:0:0:
91,192,16365,1,0,0:0:0:0:
274,192,16537,1,0,0:0:0:0:
54,192,16537,1,0,0:0:0:0:
274,192,16709,1,0,0:0:0:0:
274,192,16882,1,0,0:0:0:0:
164,192,16882,1,0,0:0:0:0:
274,192,17054,1,0,0:0:0:0:
274,192,17227,1,0,0:0:0:0:
274,192,17399,1,0,0:0:0:0:
164,192,17399,1,0,0:0:0:0:
274,192,17571,1,0,0:0:0:0:
274,192,17744,1,0,0:0:0:0:
274,192,17916,1,0,0:0:0:0:
274,192,18089,128,0,18261:0:0:0:0:
164,192,18261,1,0,0:0:0:0:
274,192,18433,1,0,0:0:0:0:
274,192,18606,1,0,0:0:0:0:
128,192,18778,1,0,0:0:0:0:
201,192,18951,1,0,0:0:0:0:
18,192,19123,1,0,0:0:0:0:
18,192,19296,1,0,0:0:0:0:
237,192,19468,1,0,0:0:0:0:
237,192,19640,1,0,0:0:0:0:
54,192,19640,1,0,0:0:0:0:
128,192,19813,1,0,0:0:0:0:
201,192,19899,1,0,0:0:0:0:
128,192,19985,1,0,0:0:0:0:
237,192,20158,1,0,0:0:0:0:
54,192,20330,1,0,0:0:0:0:
54,192,20502,1,0,0:0:0:0:
54,192,20675,1,0,0:0:0:0:
164,192,20675,1,0,0:0:0:0:
54,192,20847,1,0,0:0:0:0:
54,192,21020,1,0,0:0:0:0:
237,192,21020,1,0,0:0:0:0:
91,192,21192,1,0,0:0:0:0:
164,192,21278,1,0,0:0:0:0:
91,192,21365,1,0,0:0:0:0:
128,192,21451,1,0,0:0:0:0:
91,192,21537,1,0,0:0:0:0:
201,192,21709,1,0,0:0:0:0:
54,192,21882,1,0,0:0:0:0:
54,192,22054,1,0,0:0:0:0:
164,192,22054,1,0,0:0:0:0:
54,192,22227,1,0,0:0:0:0:
54,192,22399,1,0,0:0:0:0:
237,192,22399,1,0,0:0:0:0:
128,192,22571,1,0,0:0:0:0:
201,192,22658,1,0,0:0:0:0:
128,192,22744,1,0,0:0:0:0:
237,192,22916,1,0,0:0:0:0:
54,192,23089,1,0,0:0:0:0:
54,192,23261,1,0,0:0:0:0:
54,192,23433,1,0,0:0:0:0:
164,192,23433,1,0,0:0:0:0:
54,192,23606,1,0,0:0:0:0:
54,192,23778,1,0,0:0:0:0:
237,192,23778,1,0,0:0:0:0:
91,192,23951,1,0,0:0:0:0:
164,192,24037,1,0,0:0:0:0:
91,192,24123,1,0,0:0:0:0:
128,192,24209,1,0,0:0:0:0:
91,192,24296,1,0,0:0:0:0:
457,192,24468,1,0,0:0:0:0:
54,192,24640,1,0,0:0:0:0:
54,192,24813,1,0,0:0:0:0:
128,192,24813,1,0,0:0:0:0:
54,192,24985,1,0,0:0:0:0:
128,192,24985,1,0,0:0:0:0:
54,192,25158,1,0,0:0:0:0:
201,192,25158,1,0,0:0:0:0:
128,192,25330,1,0,0:0:0:0:
91,192,25416,1,0,0:0:0:0:
128,192,25502,1,0,0:0:0:0:
54,192,25675,1,0,0:0:0:0:
164,192,25675,1,0,0:0:0:0:
54,192,25847,1,0,0:0:0:0:
201,192,25847,1,0,0:0:0:0:
54,192,26020,1,0,0:0:0:0:
91,192,26192,1,0,0:0:0:0:
164,192,26192,1,0,0:0:0:0:
91,192,26365,1,0,0:0:0:0:
164,192,26365,1,0,0:0:0:0:
91,192,26537,1,0,0:0:0:0:
237,192,26537,1,0,0:0:0:0:
164,192,26709,1,0,0:0:0:0:
128,192,26796,1,0,0:0:0:0:
164,192,26882,1,0,0:0:0:0:
91,192,27054,1,0,0:0:0:0:
201,192,27054,1,0,0:0:0:0:
91,192,27227,1,0,0:0:0:0:
237,192,27227,1,0,0:0:0:0:
91,192,27399,1,0,0:0:0:0:
54,192,27571,1,0,0:0:0:0:
128,192,27571,1,0,0:0:0:0:
54,192,27744,1,0,0:0:0:0:
128,192,27744,1,0,0:0:0:0:
54,192,27916,1,0,0:0:0:0:
201,192,27916,1,0,0:0:0:0:
54,192,28089,1,0,0:0:0:0:
91,192,28175,1,0,0:0:0:0:
54,192,28261,1,0,0:0:0:0:
54,192,28433,1,0,0:0:0:0:
128,192,28433,1,0,0:0:0:0:
54,192,28606,1,0,0:0:0:0:
201,192,28606,1,0,0:0:0:0:
54,192,28778,1,0,0:0:0:0:
91,192,28951,1,0,0:0:0:0:
164,192,28951,1,0,0:0:0:0:
91,192,29123,1,0,0:0:0:0:
164,192,29123,1,0,0:0:0:0:
91,192,29296,1,0,0:0:0:0:
237,192,29296,1,0,0:0:0:0:
91,192,29468,1,0,0:0:0:0:
128,192,29554,1,0,0:0:0:0:
91,192,29640,1,0,0:0:0:0:
91,192,29813,1,0,0:0:0:0:
164,192,29813,1,0,0:0:0:0:
91,192,29985,1,0,0:0:0:0:
237,192,29985,1,0,0:0:0:0:
91,192,30158,1,0,0:0:0:0:
54,192,30330,1,0,0:0:0:0:
201,192,30330,1,0,0:0:0:0:
54,192,30502,1,0,0:0:0:0:
201,192,30502,1,0,0:0:0:0:
91,192,30675,1,0,0:0:0:0:
237,192,30675,1,0,0:0:0:0:
201,192,30847,1,0,0:0:0:0:
128,192,30933,1,0,0:0:0:0:
201,192,31020,1,0,0:0:0:0:
54,192,31192,1,0,0:0:0:0:
237,192,31192,1,0,0:0:0:0:
237,192,31365,1,0,0:0:0:0:
54,192,31365,1,0,0:0:0:0:
54,192,31537,1,0,0:0:0:0:
457,192,31709,1,0,0:0:0:0:
91,192,31709,1,0,0:0:0:0:
457,192,31882,1,0,0:0:0:0:
420,192,32054,1,0,0:0:0:0:
201,192,32054,1,0,0:0:0:0:
420,192,32227,1,0,0:0:0:0:
493,192,32399,1,0,0:0:0:0:
54,192,32399,1,0,0:0:0:0:
493,192,32571,1,0,0:0:0:0:
384,192,32744,1,0,0:0:0:0:
237,192,32744,1,0,0:0:0:0:
384,192,32916,1,0,0:0:0:0:
54,192,33089,1,0,0:0:0:0:
91,192,33089,1,0,0:0:0:0:
54,192,33261,1,0,0:0:0:0:
128,192,33261,1,0,0:0:0:0:
54,192,33433,5,0,0:0:0:0:
164,192,33433,1,0,0:0:0:0:
54,192,33606,1,0,0:0:0:0:
201,192,33606,1,0,0:0:0:0:
91,192,33778,1,0,0:0:0:0:
128,192,33778,1,0,0:0:0:0:
91,192,33951,1,0,0:0:0:0:
164,192,33951,1,0,0:0:0:0:
91,192,34123,1,0,0:0:0:0:
201,192,34123,1,0,0:0:0:0:
91,192,34296,1,0,0:0:0:0:
237,192,34296,1,0,0:0:0:0:
54,192,34468,5,0,0:0:0:0:
237,192,34468,1,0,0:0:0:0:
128,192,34813,1,0,0:0:0:0:
164,192,34813,1,0,0:0:0:0:
128,192,35158,1,0,0:0:0:0:
164,192,35158,1,0,0:0:0:0:
18,192,35502,1,0,0:0:0:0:
274,192,35502,1,0,0:0:0:0:
54,192,35847,1,0,0:0:0:0:
128,192,35847,1,0,0:0:0:0:
457,192,36192,1,0,0:0:0:0:
91,192,36278,1,0,0:0:0:0:
164,192,36365,1,0,0:0:0:0:
91,192,36451,1,0,0:0:0:0:
128,192,36537,1,0,0:0:0:0:
54,192,36709,1,0,0:0:0:0:
457,192,36882,1,0,0:0:0:0:
18,192,37227,128,0,37313:0:0:0:0:
128,192,37227,1,0,0:0:0:0:
18,192,37399,128,0,37485:0:0:0:0:
457,192,37571,1,0,0:0:0:0:
18,192,37571,128,0,37658:0:0:0:0:
18,192,37744,128,0,37830:0:0:0:0:
18,192,37916,128,0,38002:0:0:0:0:
18,192,38089,128,0,38175:0:0:0:0:
128,192,38089,1,0,0:0:0:0:
91,192,38261,1,0,0:0:0:0:
457,192,38261,1,0,0:0:0:0:
128,192,38376,1,0,0:0:0:0:
164,192,38491,1,0,0:0:0:0:
201,192,38606,1,0,0:0:0:0:
457,192,38951,1,0,0:0:0:0:
18,192,39123,128,0,39209:0:0:0:0:
18,192,39296,128,0,39382:0:0:0:0:
164,192,39468,1,0,0:0:0:0:
457,192,39640,1,0,0:0:0:0:
18,192,39813,128,0,39899:0:0:0:0:
274,192,39985,128,0,41365:0:0:0:0:
420,192,40330,1,0,0:0:0:0:
91,192,40502,1,0,0:0:0:0:
91,192,40847,1,0,0:0:0:0:
420,192,41020,1,0,0:0:0:0:
91,192,41192,1,0,0:0:0:0:
54,192,41365,128,0,41709:0:0:0:0:
420,192,41709,1,0,0:0:0:0:
91,192,41882,1,0,0:0:0:0:
164,192,41968,1,0,0:0:0:0:
91,192,42054,1,0,0:0:0:0:
164,192,42140,1,0,0:0:0:0:
91,192,42227,1,0,0:0:0:0:
457,192,42399,1,0,0:0:0:0:
18,192,42744,128,0,42830:0:0:0:0:
18,192,42916,128,0,43002:0:0:0:0:
457,192,43089,1,0,0:0:0:0:
128,192,43175,1,0,0:0:0:0:
201,192,43261,1,0,0:0:0:0:
128,192,43347,1,0,0:0:0:0:
201,192,43433,1,0,0:0:0:0:
128,192,43520,1,0,0:0:0:0:
201,192,43606,1,0,0:0:0:0:
420,192,43778,1,0,0:0:0:0:
54,192,44123,128,0,45158:0:0:0:0:
237,192,44123,128,0,45158:0:0:0:0:
237,192,45502,1,0,0:0:0:0:
54,192,45502,1,0,0:0:0:0:
274,192,46537,1,0,0:0:0:0:
18,192,46537,1,0,0:0:0:0:
201,192,46882,1,0,0:0:0:0:
91,192,46882,1,0,0:0:0:0:
384,192,47227,1,0,0:0:0:0:
164,192,47313,1,0,0:0:0:0:
91,192,47399,1,0,0:0:0:0:
164,192,47485,1,0,0:0:0:0:
128,192,47571,1,0,0:0:0:0:
201,192,47744,1,0,0:0:0:0:
384,192,47916,1,0,0:0:0:0:
128,192,48261,1,0,0:0:0:0:
274,192,48433,128,0,48520:0:0:0:0:
384,192,48606,1,0,0:0:0:0:
274,192,48778,128,0,48865:0:0:0:0:
274,192,48951,128,0,49037:0:0:0:0:
91,192,49123,1,0,0:0:0:0:
420,192,49296,1,0,0:0:0:0:
164,192,49468,1,0,0:0:0:0:
128,192,49554,1,0,0:0:0:0:
91,192,49640,1,0,0:0:0:0:
201,192,49640,128,0,49985:0:0:0:0:
384,192,49985,1,0,0:0:0:0:
274,192,50158,128,0,50244:0:0:0:0:
274,192,50330,128,0,50416:0:0:0:0:
91,192,50502,1,0,0:0:0:0:
384,192,50675,1,0,0:0:0:0:
274,192,50847,128,0,50933:0:0:0:0:
128,192,51020,1,0,0:0:0:0:
274,192,51192,128,0,51278:0:0:0:0:
384,192,51365,1,0,0:0:0:0:
237,192,51537,128,0,51882:0:0:0:0:
164,192,51882,1,0,0:0:0:0:
201,192,51939,1,0,0:0:0:0:
164,192,51997,1,0,0:0:0:0:
201,192,52054,1,0,0:0:0:0:
420,192,52227,1,0,0:0:0:0:
237,192,52399,1,0,0:0:0:0:
384,192,52744,1,0,0:0:0:0:
274,192,52744,128,0,52830:0:0:0:0:
128,192,53002,1,0,0:0:0:0:
201,192,53089,128,0,53433:0:0:0:0:
91,192,53261,1,0,0:0:0:0:
420,192,53433,1,0,0:0:0:0:
201,192,53606,1,0,0:0:0:0:
164,192,53692,1,0,0:0:0:0:
274,192,53778,128,0,53865:0:0:0:0:
274,192,53951,128,0,54037:0:0:0:0:
384,192,54123,1,0,0:0:0:0:
164,192,54209,1,0,0:0:0:0:
54,192,54296,1,0,0:0:0:0:
164,192,54382,1,0,0:0:0:0:
91,192,54468,1,0,0:0:0:0:
164,192,54554,1,0,0:0:0:0:
128,192,54640,1,0,0:0:0:0:
493,192,54813,1,0,0:0:0:0:
201,192,54985,1,0,0:0:0:0:
91,192,55158,1,0,0:0:0:0:
274,192,55330,128,0,55416:0:0:0:0:
384,192,55502,1,0,0:0:0:0:
274,192,55675,128,0,55761:0:0:0:0:
18,192,55847,128,0,56365:0:0:0:0:
201,192,56020,1,0,0:0:0:0:
493,192,56192,1,0,0:0:0:0:
54,192,56537,128,0,57571:0:0:0:0:
237,192,56537,128,0,57571:0:0:0:0:
54,192,57916,1,0,0:0:0:0:
237,192,57916,1,0,0:0:0:0:
18,192,58261,1,0,0:0:0:0:
457,192,58261,1,0,0:0:0:0:
18,192,58520,1,0,0:0:0:0:
164,192,58778,1,0,0:0:0:0:
457,192,58951,1,0,0:0:0:0:
18,192,59123,1,0,0:0:0:0:
18,192,59296,1,0,0:0:0:0:
164,192,59296,1,0,0:0:0:0:
18,192,59554,1,0,0:0:0:0:
457,192,59640,1,0,0:0:0:0:
18,192,59813,1,0,0:0:0:0:
18,192,60158,1,0,0:0:0:0:
164,192,60158,1,0,0:0:0:0:
457,192,60330,1,0,0:0:0:0:
91,192,60675,1,0,0:0:0:0:
201,192,60675,1,0,0:0:0:0:
18,192,60933,1,0,0:0:0:0:
457,192,61020,1,0,0:0:0:0:
18,192,61192,1,0,0:0:0:0:
201,192,61537,1,0,0:0:0:0:
457,192,61709,1,0,0:0:0:0:
18,192,61882,1,0,0:0:0:0:
18,192,62054,1,0,0:0:0:0:
201,192,62054,1,0,0:0:0:0:
18,192,62313,1,0,0:0:0:0:
457,192,62399,1,0,0:0:0:0:
18,192,62571,1,0,0:0:0:0:
201,192,62916,1,0,0:0:0:0:
18,192,62916,1,0,0:0:0:0:
493,192,63089,1,0,0:0:0:0:
384,192,63089,1,0,0:0:0:0:
18,192,63433,1,0,0:0:0:0:
237,192,63433,1,0,0:0:0:0:
18,192,63692,1,0,0:0:0:0:
457,192,63778,1,0,0:0:0:0:
18,192,63951,1,0,0:0:0:0:
237,192,64296,1,0,0:0:0:0:
457,192,64468,1,0,0:0:0:0:
18,192,64640,1,0,0:0:0:0:
18,192,64813,1,0,0:0:0:0:
237,192,64813,1,0,0:0:0:0:
18,192,65071,1,0,0:0:0:0:
457,192,65158,1,0,0:0:0:0:
18,192,65330,1,0,0:0:0:0:
237,192,65675,1,0,0:0:0:0:
457,192,65847,1,0,0:0:0:0:
201,192,66192,1,0,0:0:0:0:
91,192,66192,1,0,0:0:0:0:
18,192,66451,1,0,0:0:0:0:
493,192,66537,1,0,0:0:0:0:
18,192,66709,1,0,0:0:0:0:
201,192,67054,1,0,0:0:0:0:
493,192,67227,1,0,0:0:0:0:
18,192,67399,1,0,0:0:0:0:
201,192,67571,1,0,0:0:0:0:
18,192,67571,1,0,0:0:0:0:
18,192,67830,1,0,0:0:0:0:
493,192,67916,1,0,0:0:0:0:
18,192,68089,1,0,0:0:0:0:
91,192,68261,128,0,68778:0:0:0:0:
201,192,68433,1,0,0:0:0:0:
493,192,68606,1,0,0:0:0:0:
420,192,68951,128,0,69296:0:0:0:0:
164,192,68951,1,0,0:0:0:0:
237,192,69296,1,0,0:0:0:0:
420,192,69468,1,0,0:0:0:0:
420,192,69813,1,0,0:0:0:0:
164,192,69813,1,0,0:0:0:0:
237,192,69985,1,0,0:0:0:0:
420,192,70158,1,0,0:0:0:0:
128,192,70330,1,0,0:0:0:0:
420,192,70502,1,0,0:0:0:0:
201,192,70675,1,0,0:0:0:0:
420,192,70847,1,0,0:0:0:0:
420,192,71192,1,0,0:0:0:0:
128,192,71192,1,0,0:0:0:0:
201,192,71365,1,0,0:0:0:0:
420,192,71537,1,0,0:0:0:0:
91,192,71709,1,0,0:0:0:0:
420,192,71882,1,0,0:0:0:0:
164,192,72054,1,0,0:0:0:0:
420,192,72227,1,0,0:0:0:0:
420,192,72571,1,0,0:0:0:0:
91,192,72571,1,0,0:0:0:0:
164,192,72744,1,0,0:0:0:0:
420,192,72916,1,0,0:0:0:0:
54,192,73089,1,0,0:0:0:0:
420,192,73261,1,0,0:0:0:0:
128,192,73433,1,0,0:0:0:0:
420,192,73606,1,0,0:0:0:0:
420,192,73951,1,0,0:0:0:0:
91,192,73951,1,0,0:0:0:0:
18,192,74123,1,0,0:0:0:0:
274,192,74123,1,0,0:0:0:0:
54,192,74468,1,0,0:0:0:0:
457,192,74640,1,0,0:0:0:0:
128,192,74813,1,0,0:0:0:0:
457,192,74985,1,0,0:0:0:0:
457,192,75330,1,0,0:0:0:0:
54,192,75330,1,0,0:0:0:0:
128,192,75502,1,0,0:0:0:0:
457,192,75675,1,0,0:0:0:0:
91,192,75847,1,0,0:0:0:0:
457,192,76020,1,0,0:0:0:0:
164,192,76192,1,0,0:0:0:0:
457,192,76365,1,0,0:0:0:0:
457,192,76709,1,0,0:0:0:0:
91,192,76709,1,0,0:0:0:0:
164,192,76882,1,0,0:0:0:0:
457,192,77054,1,0,0:0:0:0:
128,192,77227,1,0,0:0:0:0:
164,192,77313,1,0,0:0:0:0:
91,192,77399,1,0,0:0:0:0:
201,192,77485,5,0,0:0:0:0:
128,192,77571,1,0,0:0:0:0:
164,192,77658,1,0,0:0:0:0:
91,192,77744,1,0,0:0:0:0:
201,192,77830,1,0,0:0:0:0:
128,192,77916,1,0,0:0:0:0:
164,192,78002,1,0,0:0:0:0:
54,192,78089,1,0,0:0:0:0:
237,192,78175,1,0,0:0:0:0:
128,192,78261,1,0,0:0:0:0:
164,192,78347,1,0,0:0:0:0:
54,192,78433,1,0,0:0:0:0:
237,192,78520,1,0,0:0:0:0:
18,192,78606,128,0,79985:0:0:0:0:
274,192,78606,128,0,79985:0:0:0:0:
164,192,85847,5,0,0:0:0:0:
164,192,86364,1,0,0:0:0:0:
164,192,87226,1,0,0:0:0:0:
91,192,87743,1,0,0:0:0:0:
164,192,87916,1,0,0:0:0:0:
201,192,88605,1,0,0:0:0:0:
201,192,89122,1,0,0:0:0:0:
201,192,89985,1,0,0:0:0:0:
91,192,90502,1,0,0:0:0:0:
201,192,90674,1,0,0:0:0:0:
54,192,91019,1,0,0:0:0:0:
54,192,91191,1,0,0:0:0:0:
54,192,91364,1,0,0:0:0:0:
201,192,91364,1,0,0:0:0:0:
54,192,91536,1,0,0:0:0:0:
54,192,91709,1,0,0:0:0:0:
54,192,91881,1,0,0:0:0:0:
201,192,91881,1,0,0:0:0:0:
54,192,92053,1,0,0:0:0:0:
54,192,92226,1,0,0:0:0:0:
54,192,92398,1,0,0:0:0:0:
54,192,92571,128,0,92743:0:0:0:0:
201,192,92743,1,0,0:0:0:0:
54,192,92916,1,0,0:0:0:0:
54,192,93088,1,0,0:0:0:0:
128,192,93260,1,0,0:0:0:0:
201,192,93433,1,0,0:0:0:0:
54,192,93778,1,0,0:0:0:0:
54,192,93950,1,0,0:0:0:0:
54,192,94122,1,0,0:0:0:0:
201,192,94122,1,0,0:0:0:0:
54,192,94295,1,0,0:0:0:0:
54,192,94467,1,0,0:0:0:0:
54,192,94640,1,0,0:0:0:0:
201,192,94640,1,0,0:0:0:0:
54,192,94812,1,0,0:0:0:0:
54,192,94985,1,0,0:0:0:0:
54,192,95157,1,0,0:0:0:0:
54,192,95329,128,0,95502:0:0:0:0:
201,192,95502,1,0,0:0:0:0:
54,192,95674,1,0,0:0:0:0:
54,192,95847,1,0,0:0:0:0:
128,192,96019,1,0,0:0:0:0:
201,192,96191,1,0,0:0:0:0:
91,192,96536,1,0,0:0:0:0:
91,192,96709,1,0,0:0:0:0:
91,192,96881,1,0,0:0:0:0:
201,192,96881,1,0,0:0:0:0:
91,192,97053,1,0,0:0:0:0:
91,192,97226,1,0,0:0:0:0:
201,192,97398,1,0,0:0:0:0:
91,192,97398,1,0,0:0:0:0:
91,192,97571,1,0,0:0:0:0:
91,192,97743,1,0,0:0:0:0:
91,192,97916,1,0,0:0:0:0:
91,192,98088,1,0,0:0:0:0:
201,192,98260,1,0,0:0:0:0:
91,192,98260,1,0,0:0:0:0:
91,192,98433,1,0,0:0:0:0:
91,192,98605,1,0,0:0:0:0:
128,192,98778,1,0,0:0:0:0:
201,192,98950,1,0,0:0:0:0:
91,192,99122,1,0,0:0:0:0:
54,192,99295,1,0,0:0:0:0:
54,192,99467,1,0,0:0:0:0:
237,192,99640,1,0,0:0:0:0:
54,192,99640,1,0,0:0:0:0:
54,192,99812,1,0,0:0:0:0:
54,192,99985,1,0,0:0:0:0:
237,192,100157,1,0,0:0:0:0:
54,192,100157,1,0,0:0:0:0:
54,192,100329,1,0,0:0:0:0:
54,192,100502,1,0,0:0:0:0:
54,192,100674,1,0,0:0:0:0:
54,192,100847,1,0,0:0:0:0:
237,192,101019,1,0,0:0:0:0:
54,192,101019,1,0,0:0:0:0:
54,192,101191,1,0,0:0:0:0:
54,192,101364,1,0,0:0:0:0:
128,192,101536,1,0,0:0:0:0:
457,192,101709,1,0,0:0:0:0:
54,192,102053,1,0,0:0:0:0:
128,192,102053,1,0,0:0:0:0:
54,192,102226,1,0,0:0:0:0:
128,192,102226,1,0,0:0:0:0:
164,192,102398,1,0,0:0:0:0:
54,192,102398,1,0,0:0:0:0:
54,192,102571,1,0,0:0:0:0:
54,192,102743,1,0,0:0:0:0:
128,192,102743,1,0,0:0:0:0:
164,192,102916,1,0,0:0:0:0:
54,192,102916,1,0,0:0:0:0:
201,192,103088,1,0,0:0:0:0:
201,192,103260,1,0,0:0:0:0:
91,192,103433,1,0,0:0:0:0:
164,192,103433,1,0,0:0:0:0:
164,192,103605,1,0,0:0:0:0:
91,192,103605,1,0,0:0:0:0:
91,192,103778,1,0,0:0:0:0:
201,192,103778,1,0,0:0:0:0:
91,192,103950,1,0,0:0:0:0:
164,192,104122,1,0,0:0:0:0:
91,192,104122,1,0,0:0:0:0:
91,192,104295,1,0,0:0:0:0:
201,192,104295,1,0,0:0:0:0:
237,192,104467,1,0,0:0:0:0:
237,192,104640,1,0,0:0:0:0:
201,192,104812,1,0,0:0:0:0:
54,192,104812,1,0,0:0:0:0:
201,192,104985,1,0,0:0:0:0:
54,192,104985,1,0,0:0:0:0:
91,192,105157,1,0,0:0:0:0:
201,192,105157,1,0,0:0:0:0:
201,192,105329,1,0,0:0:0:0:
54,192,105502,1,0,0:0:0:0:
201,192,105502,1,0,0:0:0:0:
91,192,105674,1,0,0:0:0:0:
201,192,105674,1,0,0:0:0:0:
128,192,105847,1,0,0:0:0:0:
128,192,106019,1,0,0:0:0:0:
237,192,106191,1,0,0:0:0:0:
91,192,106191,1,0,0:0:0:0:
91,192,106364,1,0,0:0:0:0:
237,192,106364,1,0,0:0:0:0:
128,192,106536,1,0,0:0:0:0:
237,192,106536,1,0,0:0:0:0:
237,192,106709,1,0,0:0:0:0:
237,192,106881,1,0,0:0:0:0:
91,192,106881,1,0,0:0:0:0:
128,192,107053,1,0,0:0:0:0:
237,192,107053,1,0,0:0:0:0:
164,192,107226,1,0,0:0:0:0:
164,192,107398,1,0,0:0:0:0:
237,192,107571,1,0,0:0:0:0:
128,192,107571,1,0,0:0:0:0:
237,192,107743,1,0,0:0:0:0:
54,192,107916,1,0,0:0:0:0:
164,192,107916,1,0,0:0:0:0:
54,192,108088,1,0,0:0:0:0:
164,192,108260,1,0,0:0:0:0:
237,192,108260,1,0,0:0:0:0:
237,192,108433,1,0,0:0:0:0:
54,192,108605,1,0,0:0:0:0:
128,192,108605,1,0,0:0:0:0:
54,192,108778,1,0,0:0:0:0:
201,192,108950,1,0,0:0:0:0:
420,192,108950,1,0,0:0:0:0:
201,192,109122,1,0,0:0:0:0:
91,192,109295,1,0,0:0:0:0:
457,192,109295,1,0,0:0:0:0:
91,192,109467,1,0,0:0:0:0:
457,192,109640,1,0,0:0:0:0:
237,192,109640,1,0,0:0:0:0:
237,192,109812,1,0,0:0:0:0:
54,192,109985,1,0,0:0:0:0:
420,192,109985,1,0,0:0:0:0:
54,192,110157,1,0,0:0:0:0:
54,192,110329,1,0,0:0:0:0:
237,192,110329,1,0,0:0:0:0:
91,192,110502,1,0,0:0:0:0:
237,192,110502,1,0,0:0:0:0:
128,192,110674,1,0,0:0:0:0:
237,192,110674,1,0,0:0:0:0:
164,192,110847,1,0,0:0:0:0:
237,192,110847,1,0,0:0:0:0:
128,192,111019,1,0,0:0:0:0:
237,192,111019,1,0,0:0:0:0:
91,192,111191,1,0,0:0:0:0:
237,192,111191,1,0,0:0:0:0:
164,192,111364,1,0,0:0:0:0:
128,192,111450,1,0,0:0:0:0:
164,192,111536,1,0,0:0:0:0:
128,192,111622,1,0,0:0:0:0:
237,192,111709,1,0,0:0:0:0:
237,192,111881,1,0,0:0:0:0:
91,192,112053,1,0,0:0:0:0:
91,192,112226,1,0,0:0:0:0:
164,192,112398,1,0,0:0:0:0:
164,192,112571,1,0,0:0:0:0:
384,192,112743,1,0,0:0:0:0:
493,192,112743,1,0,0:0:0:0:
18,192,113088,128,0,113260:0:0:0:0:
274,192,113088,128,0,113260:0:0:0:0:
201,192,113433,1,0,0:0:0:0:
164,192,113519,1,0,0:0:0:0:
201,192,113605,1,0,0:0:0:0:
164,192,113691,1,0,0:0:0:0:
201,192,113778,1,0,0:0:0:0:
91,192,113893,1,0,0:0:0:0:
164,192,114007,1,0,0:0:0:0:
54,192,114122,1,0,0:0:0:0:
128,192,114295,128,0,114467:0:0:0:0:
54,192,114467,1,0,0:0:0:0:
128,192,114640,128,0,114812:0:0:0:0:
54,192,114812,1,0,0:0:0:0:
128,192,114985,128,0,115157:0:0:0:0:
54,192,115157,1,0,0:0:0:0:
128,192,115329,128,0,115502:0:0:0:0:
54,192,115502,1,0,0:0:0:0:
54,192,115674,1,0,0:0:0:0:
164,192,115674,1,0,0:0:0:0:
201,192,115847,1,0,0:0:0:0:
91,192,115933,1,0,0:0:0:0:
164,192,116019,128,0,116191:0:0:0:0:
91,192,116191,1,0,0:0:0:0:
164,192,116364,128,0,116536:0:0:0:0:
91,192,116536,1,0,0:0:0:0:
164,192,116709,128,0,116881:0:0:0:0:
91,192,116881,1,0,0:0:0:0:
237,192,117053,1,0,0:0:0:0:
91,192,117226,1,0,0:0:0:0:
201,192,117226,1,0,0:0:0:0:
128,192,117398,1,0,0:0:0:0:
164,192,117456,1,0,0:0:0:0:
128,192,117513,1,0,0:0:0:0:
164,192,117571,1,0,0:0:0:0:
54,192,117743,1,0,0:0:0:0:
54,192,117916,128,0,118433:0:0:0:0:
274,192,118260,1,0,0:0:0:0:
91,192,118605,1,0,0:0:0:0:
493,192,118605,1,0,0:0:0:0:
164,192,118950,1,0,0:0:0:0:
237,192,119036,1,0,0:0:0:0:
420,192,119122,1,0,0:0:0:0:
237,192,119209,1,0,0:0:0:0:
91,192,119295,1,0,0:0:0:0:
237,192,119381,1,0,0:0:0:0:
420,192,119467,1,0,0:0:0:0:
237,192,119553,1,0,0:0:0:0:
164,192,119640,1,0,0:0:0:0:
237,192,119726,1,0,0:0:0:0:
420,192,119812,1,0,0:0:0:0:
237,192,119898,1,0,0:0:0:0:
54,192,119985,1,0,0:0:0:0:
201,192,120071,1,0,0:0:0:0:
384,192,120157,1,0,0:0:0:0:
201,192,120243,1,0,0:0:0:0:
128,192,120329,1,0,0:0:0:0:
201,192,120416,1,0,0:0:0:0:
384,192,120502,1,0,0:0:0:0:
201,192,120588,1,0,0:0:0:0:
54,192,120674,1,0,0:0:0:0:
201,192,120760,1,0,0:0:0:0:
384,192,120847,1,0,0:0:0:0:
201,192,120933,1,0,0:0:0:0:
128,192,121019,1,0,0:0:0:0:
91,192,121191,1,0,0:0:0:0:
237,192,121191,1,0,0:0:0:0:
164,192,121364,1,0,0:0:0:0:
54,192,121450,1,0,0:0:0:0:
457,192,121536,1,0,0:0:0:0:
54,192,121622,1,0,0:0:0:0:
201,192,121709,1,0,0:0:0:0:
54,192,121795,1,0,0:0:0:0:
457,192,121881,1,0,0:0:0:0:
54,192,121967,1,0,0:0:0:0:
128,192,122053,1,0,0:0:0:0:
54,192,122140,1,0,0:0:0:0:
457,192,122226,1,0,0:0:0:0:
54,192,122312,1,0,0:0:0:0:
237,192,122398,1,0,0:0:0:0:
54,192,122485,1,0,0:0:0:0:
457,192,122571,1,0,0:0:0:0:
54,192,122657,1,0,0:0:0:0:
128,192,122743,1,0,0:0:0:0:
91,192,122916,1,0,0:0:0:0:
164,192,122973,1,0,0:0:0:0:
91,192,123030,1,0,0:0:0:0:
164,192,123088,1,0,0:0:0:0:
128,192,123260,1,0,0:0:0:0:
201,192,123318,1,0,0:0:0:0:
128,192,123375,1,0,0:0:0:0:
201,192,123433,1,0,0:0:0:0:
54,192,123778,1,0,0:0:0:0:
237,192,123778,1,0,0:0:0:0:
128,192,124122,128,0,124812:0:0:0:0:
457,192,124122,1,0,0:0:0:0:
237,192,124812,1,0,0:0:0:0:
164,192,125157,1,0,0:0:0:0:
18,192,125157,128,0,125243:0:0:0:0:
18,192,125329,128,0,125416:0:0:0:0:
18,192,125502,128,0,125588:0:0:0:0:
18,192,125674,128,0,125760:0:0:0:0:
18,192,125847,128,0,125933:0:0:0:0:
18,192,126019,128,0,126105:0:0:0:0:
18,192,126191,128,0,126278:0:0:0:0:
237,192,126191,1,0,0:0:0:0:
18,192,126364,128,0,126450:0:0:0:0:
18,192,126536,128,0,126622:0:0:0:0:
18,192,126709,128,0,126795:0:0:0:0:
274,192,126881,128,0,126967:0:0:0:0:
420,192,126881,1,0,0:0:0:0:
274,192,127398,128,0,127485:0:0:0:0:
164,192,127571,1,0,0:0:0:0:
274,192,127743,128,0,127829:0:0:0:0:
274,192,127916,128,0,128002:0:0:0:0:
274,192,128088,128,0,128174:0:0:0:0:
54,192,128260,1,0,0:0:0:0:
274,192,128433,128,0,128519:0:0:0:0:
91,192,128778,1,0,0:0:0:0:
164,192,128864,1,0,0:0:0:0:
54,192,128950,1,0,0:0:0:0:
384,192,129295,1,0,0:0:0:0:
237,192,129295,1,0,0:0:0:0:
91,192,129640,128,0,129985:0:0:0:0:
201,192,129640,1,0,0:0:0:0:
201,192,130157,1,0,0:0:0:0:
128,192,130243,1,0,0:0:0:0:
457,192,130329,1,0,0:0:0:0:
128,192,130416,1,0,0:0:0:0:
201,192,130502,1,0,0:0:0:0:
54,192,130674,1,0,0:0:0:0:
164,192,130847,1,0,0:0:0:0:
128,192,130933,1,0,0:0:0:0:
201,192,131019,1,0,0:0:0:0:
91,192,131191,1,0,0:0:0:0:
237,192,131364,1,0,0:0:0:0:
128,192,131450,1,0,0:0:0:0:
201,192,131536,1,0,0:0:0:0:
128,192,131622,1,0,0:0:0:0:
457,192,131709,1,0,0:0:0:0:
128,192,131795,1,0,0:0:0:0:
201,192,131881,1,0,0:0:0:0:
91,192,132053,1,0,0:0:0:0:
54,192,132226,1,0,0:0:0:0:
54,192,132398,1,0,0:0:0:0:
201,192,132398,1,0,0:0:0:0:
201,192,132571,1,0,0:0:0:0:
201,192,132743,1,0,0:0:0:0:
128,192,132916,1,0,0:0:0:0:
164,192,132973,1,0,0:0:0:0:
128,192,133030,1,0,0:0:0:0:
164,192,133088,1,0,0:0:0:0:
91,192,133260,1,0,0:0:0:0:
201,192,133433,1,0,0:0:0:0:
91,192,133605,1,0,0:0:0:0:
54,192,133778,128,0,134812:0:0:0:0:
237,192,133778,128,0,134812:0:0:0:0:
54,192,135157,1,0,0:0:0:0:
237,192,135157,1,0,0:0:0:0:
457,192,135502,1,0,0:0:0:0:
91,192,135588,1,0,0:0:0:0:
164,192,135674,1,0,0:0:0:0:
91,192,135760,1,0,0:0:0:0:
128,192,135847,1,0,0:0:0:0:
54,192,136019,1,0,0:0:0:0:
457,192,136191,1,0,0:0:0:0:
18,192,136536,128,0,136622:0:0:0:0:
128,192,136536,1,0,0:0:0:0:
18,192,136709,128,0,136795:0:0:0:0:
457,192,136881,1,0,0:0:0:0:
18,192,136881,128,0,136967:0:0:0:0:
18,192,137053,128,0,137140:0:0:0:0:
18,192,137226,128,0,137312:0:0:0:0:
18,192,137398,128,0,137485:0:0:0:0:
128,192,137398,1,0,0:0:0:0:
91,192,137571,1,0,0:0:0:0:
457,192,137571,1,0,0:0:0:0:
128,192,137686,1,0,0:0:0:0:
164,192,137801,1,0,0:0:0:0:
201,192,137916,1,0,0:0:0:0:
457,192,138260,1,0,0:0:0:0:
18,192,138433,128,0,138519:0:0:0:0:
18,192,138605,128,0,138691:0:0:0:0:
164,192,138778,1,0,0:0:0:0:
457,192,138950,1,0,0:0:0:0:
18,192,139122,128,0,139209:0:0:0:0:
274,192,139295,128,0,140674:0:0:0:0:
420,192,139640,1,0,0:0:0:0:
91,192,139812,1,0,0:0:0:0:
91,192,140157,1,0,0:0:0:0:
420,192,140329,1,0,0:0:0:0:
91,192,140502,1,0,0:0:0:0:
54,192,140674,128,0,141019:0:0:0:0:
420,192,141019,1,0,0:0:0:0:
91,192,141191,1,0,0:0:0:0:
164,192,141278,1,0,0:0:0:0:
91,192,141364,1,0,0:0:0:0:
164,192,141450,1,0,0:0:0:0:
91,192,141536,1,0,0:0:0:0:
457,192,141709,1,0,0:0:0:0:
18,192,142053,128,0,142140:0:0:0:0:
18,192,142226,128,0,142312:0:0:0:0:
457,192,142398,1,0,0:0:0:0:
128,192,142485,1,0,0:0:0:0:
201,192,142571,1,0,0:0:0:0:
128,192,142657,1,0,0:0:0:0:
201,192,142743,1,0,0:0:0:0:
128,192,142829,1,0,0:0:0:0:
201,192,142916,1,0,0:0:0:0:
420,192,143088,1,0,0:0:0:0:
54,192,143433,128,0,144467:0:0:0:0:
237,192,143433,128,0,144467:0:0:0:0:
201,192,144812,128,0,145847:0:0:0:0:
91,192,145329,128,0,145847:0:0:0:0:
201,192,146191,1,0,0:0:0:0:
91,192,146191,1,0,0:0:0:0:
384,192,146536,1,0,0:0:0:0:
164,192,146622,1,0,0:0:0:0:
91,192,146709,1,0,0:0:0:0:
164,192,146795,1,0,0:0:0:0:
128,192,146881,1,0,0:0:0:0:
201,192,147053,1,0,0:0:0:0:
384,192,147226,1,0,0:0:0:0:
201,192,147398,1,0,0:0:0:0:
128,192,147571,1,0,0:0:0:0:
274,192,147743,128,0,147829:0:0:0:0:
384,192,147916,1,0,0:0:0:0:
274,192,148088,128,0,148174:0:0:0:0:
274,192,148260,128,0,148347:0:0:0:0:
91,192,148433,1,0,0:0:0:0:
420,192,148605,1,0,0:0:0:0:
91,192,148778,1,0,0:0:0:0:
164,192,148864,1,0,0:0:0:0:
91,192,148950,1,0,0:0:0:0:
201,192,149122,1,0,0:0:0:0:
384,192,149295,1,0,0:0:0:0:
274,192,149467,128,0,149553:0:0:0:0:
274,192,149640,128,0,149726:0:0:0:0:
91,192,149812,1,0,0:0:0:0:
384,192,149985,1,0,0:0:0:0:
274,192,150157,128,0,150243:0:0:0:0:
128,192,150329,1,0,0:0:0:0:
274,192,150502,128,0,150588:0:0:0:0:
384,192,150674,1,0,0:0:0:0:
201,192,150847,128,0,151191:0:0:0:0:
128,192,151191,1,0,0:0:0:0:
201,192,151249,1,0,0:0:0:0:
128,192,151306,1,0,0:0:0:0:
201,192,151364,1,0,0:0:0:0:
420,192,151536,1,0,0:0:0:0:
164,192,151709,1,0,0:0:0:0:
91,192,151881,1,0,0:0:0:0:
457,192,152053,1,0,0:0:0:0:
91,192,152226,1,0,0:0:0:0:
201,192,152398,128,0,152743:0:0:0:0:
91,192,152571,1,0,0:0:0:0:
420,192,152743,1,0,0:0:0:0:
201,192,152916,1,0,0:0:0:0:
128,192,153002,1,0,0:0:0:0:
274,192,153088,128,0,153174:0:0:0:0:
274,192,153260,128,0,153347:0:0:0:0:
384,192,153433,1,0,0:0:0:0:
164,192,153519,1,0,0:0:0:0:
54,192,153605,1,0,0:0:0:0:
164,192,153691,1,0,0:0:0:0:
91,192,153778,1,0,0:0:0:0:
164,192,153864,1,0,0:0:0:0:
128,192,153950,1,0,0:0:0:0:
493,192,154122,1,0,0:0:0:0:
201,192,154295,1,0,0:0:0:0:
91,192,154467,1,0,0:0:0:0:
274,192,154640,128,0,154726:0:0:0:0:
384,192,154812,1,0,0:0:0:0:
274,192,154985,128,0,155071:0:0:0:0:
18,192,155157,128,0,155674:0:0:0:0:
164,192,155329,1,0,0:0:0:0:
457,192,155502,1,0,0:0:0:0:
201,192,155674,1,0,0:0:0:0:
54,192,155847,128,0,156881:0:0:0:0:
237,192,155847,128,0,156881:0:0:0:0:
54,192,157226,1,0,0:0:0:0:
237,192,157226,1,0,0:0:0:0:
